01 t12001.h00 263.625 264.3 264.367332 264.3988101117035
 t12001.h12 262.6 262.7 262.89884 263.14410267337996
02 t12002.h00 262.02500000000003 263.1 263.06142 263.0416869449744
 t12002.h12 262.90000000000003 262.7 262.667624 262.59964586677637
03 t12003.h00 259.29999999999995 256.8 257.280288 257.7624554896383
 t12003.h12 259.35 259.0 259.2514959999999 259.5113845760352
04 t12004.h00 260.09999999999997 260.5 260.575264 260.65095993500984
 t12004.h12 262.7 263.2 263.251072 263.2931249419541
05 t12005.h00 262.9 261.9 262.261896 262.6428677212532
 t12005.h12 263.925 262.2 262.602924 262.9898406389231
06 t12006.h00 261.7 260.7 261.023304 261.3470222833369
 t12006.h12 262.475 263.2 263.29461999999995 263.4393463210928
07 t12007.h00 262.1 261.7 262.04492799999997 262.407186397954
 t12007.h12 262.225 263.7 263.66139599999997 263.6744966568756
08 t12008.h00 263.025 262.4 262.615892 262.8188872438661
 t12008.h12 266.375 266.7 266.64521999999994 266.5719565750857
09 t12009.h00 264.225 265.2 265.23882 265.3190244666789
 t12009.h12 264.2 264.0 264.003168 264.0202302398573
10 t12010.h00 265.25 265.6 265.746928 265.87443817919086
 t12010.h12 263.075 262.1 262.392308 262.6727108478331
11 t12011.h00 260.75 262.0 261.928048 261.85220282957755
 t12011.h12 262.75 262.2 262.31712 262.371754924406
12 t12012.h00 264.0 261.9 262.21128 262.4882263591419
 t12012.h12 266.975 266.3 266.38766000000004 266.43721987340575
13 t12013.h00 264.75 263.4 263.78867999999994 264.20152204007394
 t12013.h12 263.95 263.9 263.953472 263.97548790994585
14 t12014.h00 263.92499999999995 263.1 263.23798800000003 263.39676924766627
 t12014.h12 262.95 262.7 262.793864 262.8670951136628
15 t12015.h00 262.67499999999995 264.3 264.19203600000003 264.09156065299067
 t12015.h12 264.575 266.0 265.667756 265.3101236875203
16 t12016.h00 266.3 267.7 267.445336 267.204343343335
 t12016.h12 264.77500000000003 264.6 264.736212 264.9041559291918
17 t12017.h00 265.675 265.5 265.67069999999995 265.82659594493816
 t12017.h12 265.9 265.4 265.413176 265.4257014339246
18 t12018.h00 265.6 264.5 264.68482400000005 264.871088625611
 t12018.h12 264.85 264.7 264.77156799999995 264.8828007733309
19 t12019.h00 264.375 265.1 265.07579599999997 265.0765489425086
 t12019.h12 264.475 264.8 264.75678800000003 264.7203526009829
20 t12020.h00 262.525 262.0 262.58014 263.2456955161411
 t12020.h12 260.25 259.2 259.85491199999996 260.6174910410912
21 t12021.h00 257.35 259.2 259.277856 259.4236955792299
 t12021.h12 255.3 254.6 254.941688 255.31346897534536
22 t12022.h00 255.825 255.2 255.56836400000003 255.92872834280723
 t12022.h12 257.25 256.6 256.877488 257.16498133489165
23 t12023.h00 256.35 253.2 253.960296 254.65362571069795
 t12023.h12 258.375 257.5 257.83594 258.1580354741587
24 t12024.h00 257.85 255.9 256.330776 256.7111121226684
 t12024.h12 259.4 260.1 260.279136 260.4594844019675
25 t12025.h00 258.375 258.1 258.27175600000004 258.38763888619957
 t12025.h12 262.05 263.4 263.198808 262.9798312532808
26 t12026.h00 262.625 260.7 261.23206799999997 261.8215347443698
 t12026.h12 264.725 265.4 265.33526 265.2368241164434
27 t12027.h00 265.675 265.6 265.949668 266.37191569330435
 t12027.h12 262.725 264.5 264.442028 264.42049420635715
28 t12028.h00 262.57500000000005 264.6 264.41787600000004 264.20794055389473
 t12028.h12 264.575 267.9 267.51800399999996 267.1419015458072
29 t12029.h00 261.625 263.5 263.358004 263.2435623763146
 t12029.h12 260.1 262.5 262.2948 262.1201628772617
30 t12030.h00 261.225 263.2 263.03601999999995 262.8855921527049
 t12030.h12 264.075 266.8 266.374612 265.9094138534524
31 t12031.h00 265.85 267.2 267.38588 267.6400060445549
 t12031.h12 260.8 263.4 263.37744 263.43049333998044
