32 t12032.h00 256.8 258.4 258.358888 258.3127805782975
 t12032.h12 255.75000000000003 257.1 256.976832 256.84691842450275
33 t12033.h00 256.25 256.5 256.644096 256.78482376022754
 t12033.h12 258.7 258.1 258.29730400000005 258.46836812964887
34 t12034.h00 259.17499999999995 258.4 258.59124399999996 258.78661051174004
 t12034.h12 264.075 263.9 264.01612399999993 264.08262494223277
35 t12035.h00 260.0 258.0 258.36784800000004 258.74641548542127
 t12035.h12 259.0 259.7 259.62572 259.60851214195526
36 t12036.h00 264.85 266.5 266.37071199999997 266.1921045906601
 t12036.h12 267.775 267.9 267.97962 268.0787765148136
37 t12037.h00 267.07500000000005 266.8 267.03621999999996 267.3292133240235
 t12037.h12 260.375 259.8 260.36883600000004 260.953284871541
38 t12038.h00 255.97500000000002 257.4 257.36082 257.35508574278333
 t12038.h12 255.97500000000002 253.8 254.32035600000003 254.82502109612432
39 t12039.h00 257.225 256.3 256.738732 257.2023685525286
 t12039.h12 260.65 260.5 260.65652800000004 260.77580636961284
40 t12040.h00 258.27500000000003 255.4 256.05552399999993 256.7337501484904
 t12040.h12 257.15 257.0 257.10164 257.20551125018534
41 t12041.h00 259.42499999999995 257.5 257.90335600000003 258.26113393066714
 t12041.h12 262.25 263.4 263.31144 263.21432761527103
42 t12042.h00 262.09999999999997 263.7 263.52324 263.3264613395349
 t12042.h12 265.8 266.7 266.67439199999995 266.6833159566901
43 t12043.h00 264.25 264.3 264.38743200000005 264.4859571630981
 t12043.h12 263.9 264.5 264.580088 264.6547924775471
44 t12044.h00 266.54999999999995 268.5 268.204344 267.926134937427
 t12044.h12 266.625 266.7 266.9475 267.21733226445167
45 t12045.h00 266.9 268.6 268.37917600000003 268.1698434214653
 t12045.h12 262.125 264.3 264.374388 264.4416140302405
46 t12046.h00 258.2 257.4 257.60709599999996 257.78819267784405
 t12046.h12 258.55 259.8 259.641192 259.48565658057174
47 t12047.h00 260.65 259.3 259.498984 259.72030397727315
 t12047.h12 260.40000000000003 259.8 260.06733599999995 260.31139251847617
48 t12048.h00 258.275 257.7 258.062316 258.4485449485616
 t12048.h12 258.0 257.5 257.775112 258.0498086549987
49 t12049.h00 258.375 257.3 257.588108 257.85862795481313
 t12049.h12 261.4 261.2 261.237656 261.2426702556037
50 t12050.h00 264.54999999999995 264.5 264.56588 264.5992802312324
 t12050.h12 266.17499999999995 267.3 267.22371599999997 267.0915765378725
51 t12051.h00 266.625 266.6 266.62521200000003 266.65011342255525
 t12051.h12 266.2 265.4 265.628864 265.86051625558184
52 t12052.h00 265.075 267.1 266.808412 266.4936744317618
 t12052.h12 270.325 269.5 269.523892 269.4600255246961
53 t12053.h00 271.20000000000005 270.8 270.694976 270.5526537048578
 t12053.h12 272.65 273.6 273.619656 273.6490944383694
54 t12054.h00 263.775 262.7 263.03522 263.42760835379124
 t12054.h12 261.55 261.4 261.498592 261.63025018534995
55 t12055.h00 260.475 257.4 258.295812 259.2305029668487
 t12055.h12 261.57500000000005 262.6 262.612684 262.6173100854743
56 t12056.h00 261.725 261.0 261.28445999999997 261.59676568778673
 t12056.h12 257.9 256.9 257.20122399999997 257.5483745888771
57 t12057.h00 258.17499999999995 257.5 257.655484 257.7803794927871
 t12057.h12 262.825 263.6 263.64808400000004 263.68977683620693
58 t12058.h00 263.3 263.5 263.623648 263.7666299211214
 t12058.h12 263.52500000000003 263.2 263.36866000000003 263.5420390859392
59 t12059.h00 261.9 261.9 262.016928 262.0892567258602
 t12059.h12 266.675 265.2 265.739556 266.29967379542336
60 t12060.h00 267.15 264.4 265.06984 265.69555593009073
 t12060.h12 266.45 268.1 267.93843200000003 267.76952934435974
